000
001
010
0110
0111
1000
1001
1010
10110
10111
11000
11001
11010
110110
110111
111000
111001
111010
1110110
1110111
1111000
1111001
1111010
11110110
11110111
11111000
11111001
11111010
111110110
111110111
111111000
111111001
111111010
1111110110
1111110111
1111111000
1111111001
1111111010
11111110110
11111110111
11111111000
11111111001
11111111010
111111110110
111111110111
111111111000
111111111001
111111111010
1111111110110
1111111110111
1111111111000
1111111111001
1111111111010
11111111110110
11111111110111
11111111111000
11111111111001
11111111111010
111111111110110
111111111110111
111111111111000
111111111111001
111111111111010
1111111111110110
1111111111110111
1111111111111000
1111111111111001
1111111111111010
11111111111110110
11111111111110111
11111111111111000
11111111111111001
11111111111111010
111111111111110110
111111111111110111
111111111111111000
111111111111111001
111111111111111010
1111111111111110110
1111111111111110111
1111111111111111000
1111111111111111001
1111111111111111010
11111111111111110110
11111111111111110111
11111111111111111000
11111111111111111001
11111111111111111010
111111111111111110110
111111111111111110111
111111111111111111000
111111111111111111001
111111111111111111010
1111111111111111110110
1111111111111111110111
1111111111111111111000
1111111111111111111001
1111111111111111111010
11111111111111111110110
11111111111111111110111
11111111111111111111000
11111111111111111111001
11111111111111111111010
111111111111111111110110
111111111111111111110111
111111111111111111111000
111111111111111111111001
111111111111111111111010
1111111111111111111110110
1111111111111111111110111
1111111111111111111111000
1111111111111111111111001
1111111111111111111111010
11111111111111111111110110
11111111111111111111110111
11111111111111111111111000
11111111111111111111111001
11111111111111111111111010
111111111111111111111110110
111111111111111111111110111
111111111111111111111111000
111111111111111111111111001
111111111111111111111111010
1111111111111111111111110110
1111111111111111111111110111
1111111111111111111111111000
1111111111111111111111111001
Taxa de Compressão: 96.78345%