101 e 363338
10 linefeed 354985
13 carriagereturn 354985
105 i 297813
97 a 273409
115 s 245440
110 n 242180
111 o 241773
114 r 237937
116 t 224025
108 l 187628
99 c 146093
117 u 126600
112 p 109041
100 d 108183
109 m 99960
104 h 86502
103 g 80208
121 y 67946
98 b 61977
102 f 38765
118 v 32468
107 k 25619
119 w 22060
122 z 13932
120 x 10113
113 q 5696
106 j 5073
39 ' 3875
47 / 22
49 1 4
34 " 3
48 0 3
50 2 2
56 8 2
38 & 1
51 3 1
52 4 1
53 5 1
54 6 1
55 7 1
57 9 1
Discrepancy between occurences = 0