1
138
139
140
138
2
143
144
145
2
3
148
149
150
3
4
153
154
155
4
5
158
159
160
5
6
163
164
165
6
7
168
169
170
7
8
173
174
175
8
9
178
179
180
9
10
183
184
185
10
11
188
189
190
11
12
193
194
195
12
141
198
142
146
201
147
151
204
152
156
207
157
161
210
162
166
213
167
171
216
172
176
219
177
181
222
182
186
225
187
191
228
192
196
231
197
199
198
202
202
205
205
208
208
211
211
214
214
217
217
220
220
223
223
226
226
229
229
232
232
234
235
236
146
238
204
240
207
242
210
244
213
246
216
248
219
250
222
252
225
254
228
256
231
258
141
260
261
262
150
264
156
266
161
268
166
270
171
272
176
274
181
276
186
278
191
280
196
282
140
284
145
286
287
288
154
290
160
292
165
294
170
296
175
298
180
300
185
302
190
304
195
306
139
308
144
310
149
312
313
314
158
316
164
318
169
320
174
322
179
324
184
326
189
328
194
330
200
332
334
335
336
209
338
340
341
342
218
344
346
347
348
227
350
352
353
354
356
143
357
206
359
361
212
362
364
365
344
367
224
369
371
230
372
374
375
203
357
359
360
338
362
215
364
366
221
367
369
370
350
372
233
354
393
377
396
397
314
399
383
384
320
386
405
406
326
408
392
393
412
413
380
381
340
417
402
420
421
389
390
352
392
411
377
413
429
416
432
402
420
421
436
424
439
375
412
442
380
444
383
433
447
405
449
408
451
356
453
396
443
399
445
366
459
388
389
450
374
440
395
466
455
468
457
446
386
448
473
408
13
487
488
489
13
14
492
493
494
14
15
497
498
499
15
16
502
503
504
16
17
507
508
509
17
18
512
513
514
18
19
517
518
519
520
521
519
20
524
525
526
20
21
529
530
531
21
22
534
535
536
22
23
539
540
541
23
490
544
487
495
547
492
500
550
497
505
553
502
510
556
507
515
559
512
522
562
563
523
527
566
528
532
569
533
537
572
538
542
575
543
545
544
548
548
551
551
554
554
557
557
560
560
564
590
562
567
567
570
570
573
573
576
576
578
579
580
495
582
550
584
553
586
556
588
559
591
613
565
593
526
595
569
597
572
599
575
601
490
603
604
605
499
607
505
609
510
611
515
614
636
616
566
618
532
620
537
622
542
624
489
626
494
628
629
630
503
632
509
634
514
637
614
638
617
640
530
642
536
644
541
646
488
648
493
650
498
652
653
654
558
656
561
658
591
660
525
662
663
664
534
666
540
668
546
670
496
672
501
674
506
676
511
678
516
680
590
682
524
684
529
686
687
688
577
690
692
693
694
696
697
698
700
701
702
563
704
568
706
708
574
710
690
491
713
694
695
696
698
699
700
721
564
723
706
707
726
710
711
668
713
732
733
674
735
719
720
738
521
740
741
726
727
688
729
747
748
716
717
676
752
754
592
723
757
758
744
761
762
748
764
751
767
768
755
770
741
772
744
761
747
776
716
778
719
780
781
704
771
743
785
729
787
732
777
735
779
792
518
756
783
796
728
798
731
800
789
802
791
804
805
782
725
808
688
24
822
823
824
825
826
824
25
829
830
831
25
26
834
835
836
26
27
839
840
841
27
28
844
845
846
28
29
849
850
851
852
853
851
30
856
857
858
30
31
861
862
863
31
32
866
867
868
32
33
871
872
873
33
827
876
877
828
832
880
833
837
883
838
842
886
843
847
889
848
854
892
893
850
859
896
856
864
899
861
869
902
866
874
905
871
878
908
876
881
881
884
884
887
887
890
890
894
919
892
897
897
900
900
903
903
906
906
909
930
879
911
831
913
883
915
886
917
889
920
941
855
922
859
924
899
926
902
928
905
931
952
933
880
935
837
937
842
939
847
942
962
944
896
946
864
948
869
950
874
953
931
954
934
956
835
958
841
960
846
963
942
964
858
966
863
968
868
970
873
972
930
974
830
976
977
978
839
980
845
982
941
984
857
986
862
988
867
990
872
992
909
994
829
996
834
998
999
1000
891
1002
894
1004
898
1006
865
1008
870
1010
875
1012
878
1014
882
1016
1018
888
1020
1022
919
1024
860
1026
1028
904
1030
1032
908
1034
1016
1017
1037
1020
1021
1040
854
1042
1044
1027
1028
1047
1048
1033
1034
1051
1037
1038
1000
1056
893
1058
1059
1045
1062
1063
877
1050
1066
1067
1054
1070
1071
1042
1073
1045
1062
1076
827
1078
1051
1080
1054
1082
1057
1084
1044
1074
1087
1088
825
1090
1036
1053
1093
1094
852
1072
1097
1086
1047
1100
1101
1065
1091
1104
1039
1106
943
1024
1085
1061
1111
1112
823
1102
996
1092
1117
1118
849
1108
1026
1098
1047
34
1136
1137
1138
34
35
1141
1142
1143
35
36
1146
1147
1148
36
37
1151
1152
1153
37
38
1156
1157
1158
38
39
1161
1162
1163
39
40
1166
1167
1168
40
41
1171
1172
1173
41
42
1176
1177
1178
42
43
1181
1182
1183
43
44
1186
1187
1188
44
45
1191
1192
1193
45
1139
1196
1136
1144
1199
1141
1149
1202
1146
1154
1205
1151
1159
1208
1156
1164
1211
1161
1169
1214
1166
1174
1217
1171
1179
1220
1176
1184
1223
1181
1189
1226
1186
1194
1229
1191
1197
1197
1200
1200
1203
1203
1206
1206
1209
1209
1212
1212
1215
1215
1218
1218
1221
1221
1224
1224
1227
1227
1230
1230
1232
1196
1234
1199
1236
1202
1238
1205
1240
1208
1242
1211
1244
1214
1246
1217
1248
1220
1250
1223
1252
1226
1254
1229
1256
1139
1258
1144
1260
1149
1262
1154
1264
1159
1266
1164
1268
1169
1270
1174
1272
1179
1274
1184
1276
1189
1278
1194
1280
1138
1282
1143
1284
1148
1286
1153
1288
1158
1290
1163
1292
1168
1294
1173
1296
1178
1298
1183
1300
1188
1302
1193
1304
1137
1306
1142
1308
1147
1310
1152
1312
1157
1314
1162
1316
1167
1318
1172
1320
1177
1322
1182
1324
1187
1326
1192
1328
1198
1330
1145
1332
1150
1334
1155
1336
1160
1338
1165
1340
1170
1342
1175
1344
1180
1346
1185
1348
1190
1350
1195
1352
1354
1201
1356
1358
1207
1360
1362
1213
1364
1366
1219
1368
1370
1225
1372
1374
1231
1376
1377
1379
1357
1358
1382
1383
1363
1364
1386
1388
1369
1370
1391
1392
1375
1352
1395
1396
1380
1399
1400
1385
1365
1366
1404
1389
1407
1408
1376
1140
1377
1412
1380
1399
1400
1416
1403
1419
1389
1407
1408
1423
1411
1379
1413
1428
1383
1430
1386
1432
1406
1391
1435
1394
1425
1438
1427
1382
1429
1385
1431
1388
1420
1434
1392
1436
1449
1356
1439
1452
1441
1454
1443
1456
1433
1446
1459
1448
1354
1426
1398
1464
1362
1442
1418
1468
1445
1372
1408
748
46
1485
1486
1487
46
47
1490
1491
1492
47
48
1495
1496
1497
48
49
1500
1501
1502
49
50
1505
1506
1507
50
740
740
51
1512
1513
1514
51
52
1517
1518
1519
52
53
1522
1523
1524
53
54
1527
1528
1529
54
1484
1488
1533
1489
1493
1536
1494
1498
1539
1499
1503
1542
1504
1508
1545
1509
1510
704
1515
1550
1512
1520
1553
1517
1525
1556
1522
1530
1559
1527
1532
1534
1488
1537
1537
1540
1540
1543
1543
1546
1546
1548
1549
1551
1550
1554
1554
1557
1557
1560
1560
1562
1563
1486
1565
1536
1567
1539
1569
1542
1571
1545
1573
682
1575
1576
1577
1520
1579
1556
1581
1559
1583
1584
1535
1586
1491
1588
1498
1590
1503
1592
1508
1594
660
1596
1515
1598
1599
1600
1524
1602
1530
1604
1605
1607
1492
1609
1497
1611
1502
1613
1507
1615
638
1617
1514
1619
1519
1621
1622
1623
1528
1625
1584
1627
1608
1629
1495
1631
1501
1633
1506
1635
616
1637
1513
1639
1518
1641
1523
1643
1644
732
1605
1487
1647
1490
1649
1650
1651
1544
1653
1655
1656
1657
1516
1659
1521
1661
1526
1663
1531
1665
1666
1485
1668
1538
1670
1672
1673
1653
1675
567
1677
1678
1679
1681
1682
1683
1645
1563
1688
1670
1671
1672
1674
1547
1694
526
1696
1679
1555
1699
1683
1684
694
1686
1687
1688
1705
1691
1692
1633
1710
527
1712
1713
1699
1700
1663
1702
1534
1704
1722
1723
1708
1726
1727
1696
1729
1730
1716
763
1719
1606
1647
1736
1691
1738
1739
525
1728
1713
1743
1716
1733
1533
1735
1705
1737
1708
1752
524
1754
1698
1715
1757
1685
1719
1760
1690
1750
1763
1764
1712
1729
1730
1744
1745
1746
1772
1649
1762
1674
1776
1777
1742
1768
1683
1050
1126
976
55
1795
1796
1797
55
56
1800
1801
1802
56
57
1805
1806
1807
57
962
1132
1006
58
1813
1814
1815
58
1134
1030
1792
1114
1016
1798
1823
1795
1803
1826
1800
1808
1829
1805
1810
1096
1026
1816
1835
1813
1818
1010
1820
1014
1066
1824
1824
1827
1827
1830
1830
1832
1120
1044
1836
1836
1838
990
1840
994
1842
1843
1798
1845
1826
1847
1829
1849
1004
1059
1852
1835
1854
970
1856
974
1858
1859
1796
1861
1803
1863
1808
1865
984
1867
1868
1815
1870
950
1872
954
1874
1875
1799
1877
1801
1879
1807
1881
964
1883
1884
1837
1110
1819
1888
911
1890
1891
1893
1894
1895
1831
983
1833
1812
1900
1901
1122
1903
1904
955
1051
1891
1876
1908
1804
1910
1809
1912
1850
1834
1915
1817
1902
1839
1919
1920
1822
1922
1892
1924
1926
1927
1003
1913
986
1931
1932
1917
1934
1935
975
1937
1938
1924
1925
1926
1897
944
1899
1915
1886
928
1950
832
1906
1875
1954
1941
1942
920
1811
1945
1946
1961
906
1963
1951
996
1938
1939
1908
1968
1957
922
1959
1900
1974
905
1976
995
1921
1979
1967
1982
1928
1866
1851
1973
1933
1855
1989
1035
1978
1992
1954
1994
1943
1929
1914
1931
1987
874
2001
2002
1794
2004
1940
1941
1983
923
1997
2010
1999
1871
2013
1965
1859
1993
2018
1995
1882
2021
1960
2023
950
59
2036
2037
2038
59
1416
60
2042
2043
2044
60
61
2047
2048
2049
61
62
2052
2053
2054
62
1408
63
2058
2059
2060
63
64
2063
2064
2065
64
436
65
2069
2070
2071
65
66
2074
2075
2076
66
764
2039
2080
2036
2041
2045
2084
2046
2050
2087
2051
2055
2090
2056
1392
2061
2094
2058
2066
2097
2063
2068
2072
2101
2073
2077
2104
2078
716
2081
2081
2083
2085
2045
2088
2088
2091
2091
2057
2095
2094
2098
2098
2100
2102
2072
2105
2105
2079
2108
2039
2110
2111
2043
2113
2087
2115
2090
2117
2118
2060
2120
2097
2122
2123
2070
2125
2104
2127
2128
2037
2130
2131
2086
2133
2048
2135
2055
2137
2138
2096
2140
2065
2142
2143
2103
2145
2075
2147
2148
2040
1385
2151
2044
2153
2049
2155
2054
2157
2158
2160
2066
2162
2163
2165
2076
2167
2168
2150
2151
2173
2154
2175
2052
2177
2158
2179
2064
2181
2143
2183
2166
2107
2168
2082
2170
2171
2042
2189
2047
2191
2192
2093
2178
2159
2195
436
2163
2124
2199
2106
696
2202
2203
1364
2205
2206
2207
2209
2210
1374
2212
2213
2195
2197
2123
2218
2219
674
2221
2169
2223
2224
2226
2089
2209
2193
2138
2214
2067
389
2216
2144
2235
2185
2148
2187
2131
2242
2227
1422
2230
2062
2247
2233
2102
2235
764
2238
2239
1340
2241
2242
2258
2259
2260
2247
2215
2250
2069
2265
2253
2128
2255
2111
2257
2227
2245
2118
2275
2263
2101
2279
2201
2221
2282
2085
2284
2244
2211
2230
2288
2249
2277
2265
2266
2267
2294
2084
2296
2191
2286
2095
2300
371
2302
2303
2280
2108
2306
2112
2226
2258
2310
2119
2262
2301
2277
2291
696
67
2329
2330
2331
67
68
2334
2335
2336
68
751
69
2340
2341
2342
69
1738
70
2346
2347
2348
70
71
2351
2352
2353
2354
2355
2353
758
758
1744
72
2361
2362
2363
72
2332
2366
2329
2337
2369
2334
2339
2343
2373
2344
1708
2349
2377
2346
2356
2380
2381
2357
2358
708
2360
2364
2387
2365
2367
2366
2370
2370
2372
2374
2343
2345
2378
2377
2382
2400
2380
2384
2385
1716
2388
2388
2390
2391
2392
2337
2394
2395
2341
2397
2398
2348
2401
2418
2383
2403
642
2386
2406
2363
2408
2332
2410
2411
735
2413
2396
2376
2416
2417
2419
2436
2421
664
2423
2424
2361
2426
2331
2428
2336
2412
2431
1738
2434
2349
2436
2437
2438
620
2440
2441
2443
2444
2445
2371
2430
2448
2340
2415
2450
2452
2453
2454
573
2456
2441
2458
2368
2460
2338
2462
2463
2449
2466
2379
2467
2401
2469
597
2471
2424
2473
2333
2475
751
2478
2464
2433
2480
2482
2483
2484
572
2486
2406
2488
2490
2476
698
2492
2479
2480
2496
2497
2498
536
2500
2407
2488
2503
2447
2431
2465
2450
2509
2382
2511
537
2513
2387
2502
2516
2477
2463
2519
2434
2521
2381
2523
2512
2405
2457
2442
2515
2490
2517
2413
2531
2416
2533
2402
2535
534
2525
2364
2527
2541
2529
2448
2544
2398
2546
2356
2548
2549
2537
2538
2502
2503
2491
2506
2556
2378
2558
2355
2560
22
2550
2425
2540
2475
2542
2395
2568
2399
2570
2420
2548
2574
2362
1979
1067
1967
73
2590
2591
2592
2590
1968
74
2596
2597
2598
74
75
2601
2602
2603
2604
2605
2603
1074
76
2609
2610
2611
76
77
2614
2615
2616
77
78
2619
2620
2621
78
2587
1067
1967
2593
2627
2594
1941
2599
2631
2596
2606
2634
2635
2607
1045
2612
2639
2609
2617
2642
2614
2622
2645
2619
2624
1037
2626
2628
2627
2595
2632
2631
2636
2656
2634
2608
2640
2639
2643
2643
2646
2646
2648
1018
2650
2651
2592
2653
2654
2598
2657
2674
2637
1028
2660
2661
2662
2617
2664
2645
2666
998
2668
2669
2629
1926
2672
2599
2675
2692
1074
2678
2679
2680
2615
2682
2622
2684
978
2686
2687
1968
2690
2691
2693
2674
2659
2695
2641
2697
2698
2699
2620
2701
958
2703
2687
2671
2706
2708
2675
2710
2711
2713
2616
2715
2716
1979
2625
1954
2704
2591
2721
2706
2723
2657
2725
2711
2727
2644
2729
2623
2731
2649
2733
2734
73
2736
2690
2738
2656
2740
2695
2742
2618
2744
2587
2588
2719
2669
2751
2672
2753
2636
2755
2678
2757
2759
2745
1938
2732
1924
2749
2750
2630
2722
2600
2766
2658
2638
2726
2613
2757
2771
2717
937
2762
2651
2764
2654
2781
2782
2677
2784
2770
2771
2760
2774
1908
2776
2705
2779
2780
2794
2604
2768
2660
2770
2787
2746
2667
2748
2749
2792
2632
2807
2605
2809
2640
2811
2759
2788
915
2790
2628
2817
2655
2819
2676
1008
2797
2798
2812
2773
2747
2775
2776
2829
2707
2831
2601
2821
2696
2727
2771
79
2849
2850
2851
79
2314
80
2855
2856
2857
80
1408
81
2861
2862
2863
81
82
2866
2867
2868
82
786
811
694
1704
2869
2875
2866
752
2852
2879
2849
2854
2858
2883
2859
1392
2864
2887
2861
2876
2876
2871
692
748
2874
2890
2869
2878
2880
2879
2882
2884
2858
2860
2888
2887
2896
2869
2892
670
2894
1688
2907
2868
2898
2899
2851
2901
2902
2856
2904
2905
2863
2913
2867
2909
648
2911
1668
2924
2877
719
2916
2852
2918
2919
2885
1374
2922
2864
2930
2870
810
2893
732
2895
2930
2915
2933
2853
2302
2936
2857
2921
2939
2865
2941
2926
626
2928
1647
2941
752
2949
2917
2951
2952
2855
2954
2955
2962
2958
603
2960
1627
2962
2948
2949
2935
2936
2969
2939
2971
2943
2910
2945
2912
2941
2977
2933
2979
2919
2981
2922
2983
712
2872
672
2946
2924
2989
2916
2991
2902
2993
2905
2995
746
2997
650
2999
2913
3001
2899
3003
2884
3005
2888
3007
646
799
2873
2987
2947
2932
2964
2950
2277
2967
2968
2886
2955
2889
2957
2984
2927
2986
2929
2988
3025
3026
3015
2883
3017
2906
3034
2996
2944
3022
3038
3024
700
3026
3027
2250
3029
2937
1350
3032
3033
2930
2972
580
2974
1607
2976
3040
2964
3042
2903
3031
3059
3019
624
3021
2998
3023
3000
3067
2978
2966
3029
3044
2940
3046
3008
3048
3076
3050
3078
700
83
3092
3093
3094
83
84
3097
3098
3099
84
85
3102
3103
3104
85
2508
86
3108
3109
3110
3108
87
3113
3114
3115
87
88
3118
3119
3120
3121
3122
3120
89
3125
3126
3127
89
2563
72
90
3132
3133
3134
90
91
3137
3138
3139
91
3095
3142
3092
3100
3145
3097
3105
3148
3102
3107
3111
3152
3112
3116
3155
3117
3123
3158
3159
3119
3128
3162
3125
3130
3135
3166
3133
3140
3169
3137
3143
3143
3146
3146
3149
3149
3151
3153
3152
3156
3156
3160
3183
3158
3163
3163
3165
3167
3167
3170
3170
3172
3142
3174
3145
3176
3148
3178
3179
3110
3181
3155
3184
3204
3124
3186
3128
3188
3189
3135
3191
3169
3193
3095
3195
3100
3197
3105
3199
3200
3154
3202
3114
3205
3225
3207
3162
3209
3210
3168
3212
3139
3214
3094
3216
3099
3218
3104
3220
3221
3223
3116
3226
3205
3227
3127
3229
3230
3136
3232
3138
3234
3093
3236
3098
3238
3103
3240
3221
3242
3224
3244
3184
3246
3126
3248
3249
3251
3252
3253
3096
3255
3101
3257
3106
2508
3241
3109
3261
3113
3263
3264
3265
3129
3130
3249
3231
3269
3271
3144
3273
3275
3150
3277
3278
86
3280
3157
3282
3159
3284
3285
2563
3287
3132
3289
3141
3290
3292
3293
3276
2480
3296
3297
3298
3300
3160
3302
3165
3305
3306
3307
3290
3310
3311
3107
3314
3315
3280
3317
3301
3302
3267
3230
3307
3324
3325
3311
3259
3200
3298
3331
3332
3284
3334
3210
3336
3324
3310
3339
3295
3296
3342
3343
3123
3319
3346
3189
3348
3309
3292
3351
3313
3314
3354
3355
3121
3357
3286
3321
3360
3271
3350
3293
3340
3179
3366
3367
3161
3333
3370
3305
3372
3253
3374
3275
3376
3153
3378
3379
88
3369
3304
3371
3307
1968
92
3398
3399
3400
92
93
3403
3404
3405
93
2805
94
3409
3410
3411
3409
95
3414
3415
3416
95
2798
2757
96
3421
3422
3423
96
97
3426
3427
3428
97
98
3431
3432
3433
98
99
3436
3437
3438
99
3397
3401
3442
3402
3406
3445
3407
2805
3412
3449
3413
3417
3452
3418
3419
2727
3424
3457
3421
3429
3460
3426
3434
3463
3431
3439
3466
3436
3441
3443
3401
3446
3446
3408
3450
3450
3453
3453
3455
3456
3458
3457
3461
3461
3464
3464
3467
3467
3469
3470
3399
3472
3445
3474
3475
3412
3477
3452
3479
2713
3481
3482
3483
3429
3485
3463
3487
3466
3489
3490
3444
3492
3404
3494
3495
3410
3497
3417
3499
2697
3501
3424
3503
3504
3505
3433
3507
3439
3509
3510
3512
3405
3514
3515
94
3517
3416
3519
2680
3521
3423
3523
3428
3525
3526
3527
3437
3529
3490
3531
3513
3448
3534
3451
3536
3454
3538
2642
3540
3422
3542
3427
3544
3432
3546
3547
1941
3510
3400
3550
3403
3533
3534
3555
3414
3557
2643
3559
3459
3561
3430
3563
3435
3565
3440
3567
3568
3398
3570
3447
2779
3553
3554
3555
3576
3558
3578
3580
3462
3582
3584
3468
3586
3587
3589
3590
2722
3592
3535
3574
3595
3596
3578
3598
3600
3583
3584
3548
3470
3605
3572
3515
3610
3611
2617
3597
3614
3615
3601
3585
1926
3604
3511
3550
3621
3495
3623
3624
2615
3626
3614
3615
3629
3618
3443
3620
3552
3592
3637
3638
77
3640
3598
3642
3601
3644
3442
3646
3591
3608
3649
3650
3652
3580
3654
3617
3603
3587
3658
3607
3660
3610
3650
3651
3597
3641
3600
3643
3667
3568
3669
2706
3608
3623
3673
3674
3613
3653
3677
3601
100
3691
3692
3693
3694
3695
3693
101
3698
3699
3700
101
102
3703
3704
3705
102
103
3708
3709
3710
103
104
3713
3714
3715
104
105
3718
3719
3720
3721
3722
3720
3324
106
3726
3727
3728
106
3716
3731
3713
758
3696
3735
3736
3697
3701
3739
3702
3706
3742
3707
3711
3745
3712
3732
3731
3723
3750
3751
3724
3290
3729
3755
3726
3748
3731
3734
3737
3761
3696
3740
3740
3743
3743
3746
3746
3758
3716
3752
3772
3750
3725
3756
3755
3770
3715
3760
3762
3781
3691
3764
3739
3766
3742
3768
3745
3778
3714
3773
3792
3753
3271
3776
3777
3790
104
3780
3782
3781
3784
3701
3786
3706
3788
3711
3798
3717
3793
3811
3775
3796
3727
3809
2358
3801
3801
3803
3700
3805
3705
3807
3710
3816
3811
3812
3754
3814
3815
3809
3800
3818
3737
3820
3699
3822
3704
3824
3709
3826
3827
3792
3813
3830
3816
3817
3834
3762
3836
3698
3838
3703
3840
3708
3842
3843
3772
3845
3830
3816
3833
3849
3763
3851
3853
3854
3855
3847
3858
3773
3860
3814
3862
726
3864
3761
3866
3867
3744
3855
3857
3871
3774
3829
3846
3847
3863
3877
3738
3851
3880
3869
3870
3884
3751
3873
3796
3875
708
3890
3736
3879
3893
3869
3883
3896
3721
3898
3776
3900
686
3902
3735
3904
3867
3894
3907
3908
3719
3910
3756
3912
664
3914
3865
3892
3917
3906
3809
3920
3723
3922
3797
3798
3889
3926
3916
3853
3918
3931
3932
3909
3886
3846
3924
642
3926
3695
3939
3838
3941
3798
3943
3944
3795
3887
3888
726
816
817
794
807
708
107
3966
3967
3968
107
3336
108
3972
3973
3974
108
109
3977
3978
3979
109
110
3982
3983
3984
110
111
3987
3988
3989
111
112
3992
3993
3994
112
3961
517
806
819
3965
3969
4002
3970
3307
3975
4006
3972
3980
4009
3977
3985
4012
3982
3990
4015
3987
3995
4018
3992
3997
19
3999
684
758
4003
4003
3971
4007
4006
4010
4010
4013
4013
4016
4016
4019
4019
4021
1510
795
4001
4026
3968
4028
4029
3974
4031
4009
4033
4012
4035
4015
4037
4018
4039
4023
662
4025
4043
4044
4005
4046
4047
4048
3979
4050
3985
4052
3990
4054
3995
4056
818
4024
726
4060
4061
3289
4063
4064
4065
4011
4067
3983
4069
3989
4071
3994
4073
3963
4000
686
4077
3967
4045
4080
4082
4066
4084
4014
4086
4017
4088
4020
4021
4057
640
4059
4094
3336
4097
3973
4098
4083
4100
4102
3988
4104
4105
3997
4107
618
4109
4094
4096
4080
4114
3981
4116
4117
4103
4119
4090
682
4041
4093
4110
4111
4112
3976
4128
4130
4131
3991
4119
4039
4040
3964
4137
4110
4126
4063
4128
4143
4144
4146
3996
4106
4074
4058
4076
4138
4152
4046
4154
4143
4144
4157
4134
660
4136
664
4138
4139
4140
4166
4130
4168
4146
4170
638
4172
642
4174
4164
4029
4177
4116
4179
4133
4159
4091
4075
4042
4125
4062
4112
4188
4100
4190
4104
4181
616
4183
620
4185
4197
4097
4199
4084
4201
4088
113
4214
4215
4216
4217
4218
4216
114
4221
4222
4223
114
115
4226
4227
4228
115
116
4231
4232
4233
116
117
4236
4237
4238
117
118
4241
4242
4243
118
119
4246
4247
4248
4249
4250
4248
120
4253
4254
4255
120
121
4258
4259
4260
121
122
4263
4264
4265
122
4219
4268
4269
4220
4224
4272
4225
4229
4275
4230
4234
4278
4235
4239
4281
4240
4244
4284
4245
4251
4287
4288
4247
4256
4291
4253
4261
4294
4258
4266
4297
4263
4270
4300
4268
4273
4273
4276
4276
4279
4279
4282
4282
4285
4285
4289
4313
4287
4292
4292
4295
4295
4298
4298
4301
4322
4271
4303
4223
4305
4275
4307
4278
4309
4281
4311
4284
4314
4335
4252
4316
4256
4318
4294
4320
4297
4323
4344
4325
4272
4327
4229
4329
4234
4331
4239
4333
4244
4336
4356
4338
4291
4340
4261
4342
4266
4345
4323
4346
4326
4348
4227
4350
4233
4352
4238
4354
4243
4357
4336
4358
4255
4360
4260
4362
4265
4364
4322
4366
4222
4368
4369
4370
4231
4372
4237
4374
4242
4376
4335
4378
4254
4380
4259
4382
4264
4384
4301
4386
4221
4388
4226
4390
4391
4392
4283
4394
4396
4397
4398
4257
4400
4262
4402
4267
4404
4270
4406
4274
4408
4410
4280
4412
4414
4286
4415
4288
4417
4418
4419
4421
4422
4423
4302
4425
4408
4277
4410
4412
4413
4394
4433
4289
4435
4419
4296
4438
4440
4269
4425
4443
4444
4390
4446
4431
4432
4449
4250
4451
4452
4438
4439
4455
4217
4457
4458
4428
4461
4462
4464
4434
4435
4467
4468
4470
4219
4472
4443
4474
4461
4462
4477
4251
4466
4452
4481
4482
4471
4442
4485
4428
4487
4431
4489
4465
4479
4492
4454
4494
4324
4386
4473
4498
4446
4488
4501
4337
4417
4480
4505
4506
4214
4484
4427
4510
4430
4500
4513
4290
4503
4437
4438
123
4530
4531
4532
4533
4534
4532
636
124
4538
4539
4540
124
2436
125
4544
4545
4546
125
1712
757
1729
758
4547
4553
4544
3319
4535
4557
4558
4536
614
4541
4562
4538
4543
4554
4553
4549
741
4551
726
4566
4553
4556
4559
4575
4535
4537
4563
4562
4565
4572
4545
4568
706
4570
708
4582
4546
4574
4576
4591
4530
4578
4579
4540
4581
4588
1777
4550
1713
4552
4598
125
4590
4592
4591
4594
4595
4564
2419
4603
4548
1696
4600
1679
4602
4603
4605
4606
4575
4608
4609
2452
4612
4599
4569
4601
4571
4612
4619
4620
4558
4622
4609
4597
4588
4584
684
4586
686
4625
4631
4632
4577
4561
4623
4610
2418
4625
4638
662
4640
664
4642
3302
4644
4576
4634
4595
4636
4582
4651
640
4653
642
4655
3284
4657
4621
4646
4647
4624
4612
4663
618
4665
620
4667
3265
4669
4559
4659
4579
4661
4572
4675
595
4677
597
4679
3246
4681
4633
4671
4647
4685
4566
4687
570
4689
573
4691
3227
4693
4557
4683
4563
4697
4554
4699
569
4701
572
4703
3207
4705
4645
613
4672
4542
4611
4674
4614
4627
4616
4629
4618
4656
4717
4533
4707
4580
4722
4603
4711
532
4713
537
4715
3186
4730
4731
4695
4623
4709
4567
4724
4585
4628
4587
4630
3381
3320
2538
126
4756
4757
4758
126
758
127
4762
4763
4764
127
4143
1066
128
4769
4770
4771
128
2587
2827
2627
3605
4754
2563
4759
4780
4756
4761
4765
4784
4766
4130
4768
4772
4789
4773
2016
2802
2776
4777
4778
2457
4781
4781
4783
4785
4765
4767
1051
4790
4790
4774
2815
2734
4795
4796
2424
4798
4780
4800
4801
4763
4803
1016
4805
4789
4807
2839
2749
4810
4811
2388
4813
4759
4815
4816
4786
4116
4788
4820
4770
4822
4793
4824
3589
4826
4812
4828
4757
4830
4831
4818
996
4835
4771
4837
1893
2803
4825
4841
2363
4843
4844
726
4831
4764
4847
976
4849
4836
4792
4852
4794
4840
4855
2387
4857
4782
4859
4860
4762
4862
956
4864
4769
4851
1877
4853
4869
4870
4856
4872
2358
4875
4876
4787
4804
4879
2760
4775
2593
4854
4885
4887
4760
4874
4889
4877
935
4893
4894
4808
2704
4897
4885
4899
4845
4816
4903
913
4905
4881
1861
4883
3570
4898
4886
4872
4912
4801
4914
884
4916
4866
4882
4868
4920
4921
2361
4911
4901
4875
4926
883
4928
1953
4907
2687
4909
4870
4935
708
4889
4832
4100
4834
4864
4917
1845
4919
3550
4933
4934
4887
4924
4785
4938
837
4940
1922
4895
2592
4944
4855
4946
686
4948
4155
4951
4849
4953
1827
4955
3531
129
4980
4981
4982
4983
4984
4982
130
4987
4988
4989
130
131
4992
4993
4994
131
132
4997
4998
4999
132
962
133
5003
5004
5005
5006
5007
5005
134
5010
5011
5012
134
135
5015
5016
5017
135
136
5020
5021
5022
136
137
5025
5026
5027
137
4985
5030
5031
4986
4990
5034
4991
4995
5037
4996
5000
5040
5001
942
5008
5044
5045
5009
5013
5048
5014
5018
5051
5019
5023
5054
5024
5028
5057
5029
5032
5060
4985
5035
5035
5038
5038
5041
5041
5002
5046
5070
5008
5049
5049
5052
5052
5055
5055
5058
5058
5061
5081
5033
5063
4989
5065
5037
5067
5040
5069
5071
5091
5003
5073
5048
5075
5051
5077
5054
5079
5057
5082
5102
5084
5034
5086
4995
5088
5000
5090
5092
5091
5094
5013
5096
5018
5098
5023
5100
5028
5103
5082
5104
5085
5106
4993
5108
4999
5110
5111
5070
5113
5012
5115
5017
5117
5022
5119
5027
5121
5081
5123
4988
5125
5126
5127
4997
5129
5130
5045
5132
5011
5134
5016
5136
5021
5138
5026
5140
5061
5142
4987
5144
4992
5146
5147
5043
5149
5071
5151
5010
5153
5015
5155
5020
5157
5025
5159
5060
5161
5036
5163
5165
5042
941
5168
5169
5170
5172
5173
5174
5176
5177
5178
5031
5180
5163
5164
5183
5148
5186
5006
5188
5189
5053
5174
5192
5194
5032
5196
5197
5183
5184
920
5201
5046
5203
5204
5191
5207
5208
5195
5180
5211
5212
5200
5215
5093
5188
5218
5191
5207
5221
5062
5223
5197
5225
5167
5227
5007
5217
5189
5219
5232
5233
4983
5210
5236
5199
5238
5239
5047
5170
5230
5206
5192
5245
5246
5235
5182
5249
5185
5251
5202
5229
5242
5231
5256
5257
4981
5247
5260
5165
5226
5239
5241
5172
5243
5192
Original = 55296, Compressed = 24217, Ratio = 56.20479%