00
010
011
100
1010
1011
1100
11010
11011
11100
111010
111011
111100
1111010
1111011
1111100
11111010
11111011
11111100
111111010
111111011
111111100
1111111010
1111111011
1111111100
11111111010
11111111011
11111111100
111111111010
111111111011
111111111100
1111111111010
1111111111011
1111111111100
11111111111010
11111111111011
11111111111100
111111111111010
111111111111011
111111111111100
1111111111111010
1111111111111011
1111111111111100
11111111111111010
11111111111111011
11111111111111100
111111111111111010
111111111111111011
111111111111111100
1111111111111111010
1111111111111111011
1111111111111111100
11111111111111111010
11111111111111111011
11111111111111111100
111111111111111111010
111111111111111111011
111111111111111111100
1111111111111111111010
1111111111111111111011
1111111111111111111100
11111111111111111111010
11111111111111111111011
11111111111111111111100
111111111111111111111010
111111111111111111111011
111111111111111111111100
1111111111111111111111010
1111111111111111111111011
1111111111111111111111100
11111111111111111111111010
11111111111111111111111011
11111111111111111111111100
111111111111111111111111010
111111111111111111111111011
111111111111111111111111100
1111111111111111111111111010
1111111111111111111111111011
1111111111111111111111111100
11111111111111111111111111010
11111111111111111111111111011
11111111111111111111111111100
111111111111111111111111111010
111111111111111111111111111011
111111111111111111111111111100
1111111111111111111111111111010
1111111111111111111111111111011
1111111111111111111111111111100
11111111111111111111111111111010
11111111111111111111111111111011
11111111111111111111111111111100
111111111111111111111111111111010
111111111111111111111111111111011
111111111111111111111111111111100
1111111111111111111111111111111010
1111111111111111111111111111111011
1111111111111111111111111111111100
11111111111111111111111111111111010
11111111111111111111111111111111011
11111111111111111111111111111111100
111111111111111111111111111111111010
111111111111111111111111111111111011
111111111111111111111111111111111100
1111111111111111111111111111111111010
1111111111111111111111111111111111011
1111111111111111111111111111111111100
11111111111111111111111111111111111010
11111111111111111111111111111111111011
11111111111111111111111111111111111100
111111111111111111111111111111111111010
111111111111111111111111111111111111011
111111111111111111111111111111111111100
1111111111111111111111111111111111111010
1111111111111111111111111111111111111011
1111111111111111111111111111111111111100
11111111111111111111111111111111111111010
11111111111111111111111111111111111111011
11111111111111111111111111111111111111100
111111111111111111111111111111111111111010
111111111111111111111111111111111111111011
111111111111111111111111111111111111111100
1111111111111111111111111111111111111111010
1111111111111111111111111111111111111111011
1111111111111111111111111111111111111111100
11111111111111111111111111111111111111111010
11111111111111111111111111111111111111111011
11111111111111111111111111111111111111111100
111111111111111111111111111111111111111111010
111111111111111111111111111111111111111111011
111111111111111111111111111111111111111111100
1111111111111111111111111111111111111111111010
1111111111111111111111111111111111111111111011
1111111111111111111111111111111111111111111100
11111111111111111111111111111111111111111111010
11111111111111111111111111111111111111111111011
11111111111111111111111111111111111111111111100
111111111111111111111111111111111111111111111010
111111111111111111111111111111111111111111111011
111111111111111111111111111111111111111111111100
1111111111111111111111111111111111111111111111010
1111111111111111111111111111111111111111111111011
1111111111111111111111111111111111111111111111100
11111111111111111111111111111111111111111111111010
11111111111111111111111111111111111111111111111011
11111111111111111111111111111111111111111111111100
111111111111111111111111111111111111111111111111010
111111111111111111111111111111111111111111111111011
111111111111111111111111111111111111111111111111100
1111111111111111111111111111111111111111111111111010
1111111111111111111111111111111111111111111111111011
1111111111111111111111111111111111111111111111111100
11111111111111111111111111111111111111111111111111010
11111111111111111111111111111111111111111111111111011
11111111111111111111111111111111111111111111111111100
111111111111111111111111111111111111111111111111111010
111111111111111111111111111111111111111111111111111011
111111111111111111111111111111111111111111111111111100
1111111111111111111111111111111111111111111111111111010
1111111111111111111111111111111111111111111111111111011
1111111111111111111111111111111111111111111111111111100
11111111111111111111111111111111111111111111111111111010
11111111111111111111111111111111111111111111111111111011
11111111111111111111111111111111111111111111111111111100
111111111111111111111111111111111111111111111111111111010
111111111111111111111111111111111111111111111111111111011
111111111111111111111111111111111111111111111111111111100
1111111111111111111111111111111111111111111111111111111010
1111111111111111111111111111111111111111111111111111111011
1111111111111111111111111111111111111111111111111111111100
11111111111111111111111111111111111111111111111111111111010
11111111111111111111111111111111111111111111111111111111011
11111111111111111111111111111111111111111111111111111111100
111111111111111111111111111111111111111111111111111111111010
111111111111111111111111111111111111111111111111111111111011
111111111111111111111111111111111111111111111111111111111100
1111111111111111111111111111111111111111111111111111111111010
1111111111111111111111111111111111111111111111111111111111011
1111111111111111111111111111111111111111111111111111111111100
11111111111111111111111111111111111111111111111111111111111010
11111111111111111111111111111111111111111111111111111111111011
11111111111111111111111111111111111111111111111111111111111100
111111111111111111111111111111111111111111111111111111111111010
111111111111111111111111111111111111111111111111111111111111011
111111111111111111111111111111111111111111111111111111111111100
1111111111111111111111111111111111111111111111111111111111111010
1111111111111111111111111111111111111111111111111111111111111011
1111111111111111111111111111111111111111111111111111111111111100
11111111111111111111111111111111111111111111111111111111111111010
11111111111111111111111111111111111111111111111111111111111111011
11111111111111111111111111111111111111111111111111111111111111100
Taxa de Compressão: 11.968316%