1
5
6
7
8
9
10
11
12
13
14
15
16
17
18
19
20
21
22
23
24
25
26
27
28
29
30
31
32
33
34
35
36
37
38
39
40
41
42
43
44
45
46
47
48
49
50
51
52
53
54
55
56
57
58
59
60
61
62
63
64
65
66
67
68
69
70
71
72
73
74
75
76
77
78
79
80
81
82
83
84
85
86
87
88
89
90
91
92
93
94
95
96
97
98
99
100
101
102
103
104
105
106
107
108
109
110
111
112
113
114
115
116
117
118
119
120
121
122
123
124
125
126
127
128
129
130
131
132
133
134
135
136
137
138
139
140
141
142
143
144
145
146
147
148
149
150
151
152
153
154
155
156
157
158
159
160
161
162
163
164
165
166
167
168
169
170
171
172
173
174
175
176
177
178
179
180
181
182
162
2
185
186
187
188
189
190
191
192
193
194
195
196
197
198
191
114
199
202
203
204
205
206
207
186
201
208
211
212
213
214
195
210
215
218
219
220
204
217
221
224
225
226
185
223
227
230
231
212
229
232
235
236
198
234
237
240
241
188
239
242
245
240
244
246
249
231
248
250
253
224
252
254
257
215
256
258
261
208
260
262
265
203
264
266
269
196
268
270
273
200
113
274
277
267
276
278
281
271
280
282
285
275
112
286
289
189
272
290
269
292
293
265
295
296
261
298
299
257
301
302
253
304
305
249
307
308
245
310
311
241
313
314
237
316
317
235
319
320
251
284
323
270
322
326
226
328
329
255
325
332
262
331
335
219
337
338
259
334
341
254
340
344
233
343
347
309
349
350
312
352
353
315
355
356
318
358
359
321
361
362
324
288
365
246
346
368
199
370
371
197
373
197
3
378
379
380
381
382
383
384
379
369
364
226
385
390
391
392
3
387
367
242
393
398
399
378
395
111
246
400
405
392
402
110
404
406
411
383
408
109
410
412
417
401
354
396
241
418
423
351
421
240
424
418
414
108
416
428
406
430
107
432
433
400
435
106
437
438
398
440
105
442
443
407
420
403
245
448
405
445
104
447
453
385
455
103
457
458
413
450
409
452
463
393
460
102
462
382
4
474
475
476
4
399
470
101
472
381
477
484
474
479
465
415
467
393
485
485
487
242
376
196
399
492
484
494
357
426
237
498
499
476
501
247
388
225
505
506
486
444
488
431
490
392
513
475
508
360
503
236
512
520
522
236
496
195
526
513
528
363
524
235
532
506
534
232
530
194
538
499
540
366
451
397
398
520
514
469
516
436
518
391
551
478
515
495
510
224
544
492
546
230
542
193
564
493
560
502
548
422
550
558
566
227
568
192
468
553
561
536
232
582
449
584
574
427
587
390
480
100
482
592
594
99
596
587
598
98
600
582
602
97
604
468
606
96
608
463
610
95
612
458
614
94
616
453
618
93
620
448
622
92
624
443
626
91
628
438
630
90
632
433
634
89
636
428
638
88
640
424
642
87
374
589
466
648
523
590
651
547
650
654
541
562
657
213
580
660
2
662
663
665
660
667
657
669
654
671
651
673
648
675
374
677
371
679
368
681
365
683
362
685
359
687
356
689
353
691
350
693
347
695
344
697
341
699
338
701
335
703
332
705
329
707
326
709
323
711
320
713
317
715
314
717
311
719
308
721
305
723
302
725
299
727
296
729
293
731
290
733
289
735
286
737
285
739
282
741
281
743
278
745
277
183
749
750
751
752
753
754
755
756
757
758
759
760
761
762
763
764
765
766
767
768
769
770
771
772
773
774
775
776
777
778
779
780
781
782
783
784
785
786
787
788
789
790
791
792
793
794
795
796
797
798
799
800
801
802
803
804
805
752
Original = 65536, Compressed = 3085, Ratio = 95.29266%